Here are the coordinates of the first 151 pokemon. The GUI is almost complete for database feed, will Finish in a day or 2
~Jetlir Lajqi

P#  X   Y
1	0	0
2	160	0
3 320	0
4 480	0
5	640	0
6 800	0
7	960	0
8  	1120	0
9	  1280	0
10	1440	0
11	1600	0
12	1760	0
13	1920	0
14	2080	0
15	2240	0
16	2400	0
17	2560	0
18	2720	0
19	2880	0
20	3040	0
21	3200	0
22	3360	0
23	3520	0
24	3680	0
25	3840	0
26	0	200
27	160	200
28	320	200
29	480	200
30	640	200
31	800	200
32	960	200
33	1120	200
34	1280	200
35	1440	200
36	1600	200
37	1760	200
38	1920	200
39	2080	200
40	2240	200
41	2400	200
42	2560	200
43	2720	200
44	2880	200
45	3040	200
46	3200	200
47	3360	200
48	3520	200
49	3680	200
50	3840	200
51	0	400
52	160	400
53	320	400
54	480	400
55	640	400
56	800	400
57	960	400
58	1120	400
59	1280	400
60	1440	400
61	1600	400
62	1760	400
63	1920	400
64	2080	400
65	2240	400
66	2400	400
67	2560	400
68	2720	400
69	2880	400
70	3040	400
71	3200	400
72	3360	400
73	3520	400
74	3680	400
75	3840	400
76	0	600
77	160	600
78	320	600
79	480	600
80	640	600
81	800	600
82	960	600
83	1120	600
84	1280	600
85	1440	600
86	1600	600
87	1760	600
88	1920	600
89	2080	600
90	2240	600
91	2400	600
92	2560	600
93	2720	600
94	2880	600
95	3040	600
96	3200	600
97	3360	600
98	3520	600
99	3680	600
100	3840	600
101	0	800
102	160	800
103	320	800
104	480	800
105	640	800
106	800	800
107	960	800
108	1120	800
109	1280	800
110	1440	800
111	1600	800
112	1760	800
113	1920	800
114	2080	800
115	2240	800
116	2400	800
117	2560	800
118	2720	800
119	2880	800
120	3040	800
121	3200	800
122	3360	800
123	3520	800
124	3680	800
125	3840	800
126	0	1000
127	160	1000
128	320	1000
129	480	1000
130	640	1000
131	800	1000
132	960	1000
133	1120	1000
134	1280	1000
135	1440	1000
136	1600	1000
137	1760	1000
138	1920	1000
139	2080	1000
140	2240	1000
141	2400	1000
142	2560	1000
143	2720	1000
144	2880	1000
145	3040	1000
146	3200	1000
147	3360	1000
148	3520	1000
149	3680	1000
150	3840	1000
151	0	1200
